ownInfluence = [60.450940282102444, 47.61180301119084, 94.89000543965625, 68.14145214300189, 116.55689100395462, 48.85571036469403, 75.56205571397894, 69.64451095548742, 122.64125698831654, 128.54495244105422, 68.77317648517169, 62.953925547481745, 78.73135159758831, 66.62963233964653, 109.99595268885491, 39.95866973321779, 41.258475755665614, 195.22338982703425, 69.48621748088047, 36.13462323645848, 34.68443251665718, 34.72073496504652, 47.975235031813696, 63.84788855549613, 60.05964469679939, 47.39159661402722, 37.06837051189563, 44.75529000585458, 54.38553627884737, 68.81253442861981, 43.86262393596034, 33.93716094896914, 64.04822562006053, 211.95062236913904, 48.030681944417644, 109.49142513170572, 50.11123471077543, 41.475843013957046, 28.38842906601666, 42.77191314032422, 34.29253120622111, 43.71391529260998, 29.768742870994867, 47.850091638462665, 36.86340026126528, 31.00399117352811, 35.09594867968116, 45.85885568227718, 63.20851770621187, 40.209023229570555, 75.68952350427257, 49.18198943230511, 41.48848692759151, 43.71578621383476, 46.98681511934018, 85.08324727293979, 75.76227367808855, 51.52648092960133, 35.26374577005956, 191.49931890038502, 42.77831840672868, 44.290365725994, 113.96122088423056, 44.078187019231834, 61.37861424035407, 123.59770425295626, 32.67138118498744, 59.53140102175047, 76.59968480248679, 108.18766474262877, 97.07233415428243, 37.77555575834512, 90.65453774291163, 111.53990496754614, 82.00151783759615, 64.49805216152778, 92.01854253237121, 109.8168523910193, 142.15274073884177, 58.95324739993128, 37.17182108996986, 94.26883033005666, 37.57972918540451, 45.67440340276815, 42.96790542396459, 52.60721684577324, 55.87924776285421, 107.61974520685173, 113.6183234605031, 41.004400985836206, 45.419058936107014, 37.081218497351884, 108.45499013734084, 46.55132763321889, 91.33903792262892, 105.41901874052712, 144.97305619293851, 74.21986796252841, 59.3243194303488, 54.98055730504315, 43.764307725602364, 76.27883675326781, 45.13125711886919, 44.6783721106692, 38.44530187906194, 74.84388526743136, 65.05643053849825, 38.162067225300405, 71.70481542551953, 50.82466959552684, 30.835583450490944, 46.27673701470911, 49.28442094185975, 50.41274524218582, 91.73588367479238, 49.04434508796109, 177.679130721289, 43.825697902330404, 104.23390387365023, 41.10043491875393, 40.58219183614655, 59.913999793919025, 165.73336579254266, 43.2639330941563, 39.05530328736692, 38.8987984127572, 35.97367749273847, 121.59741926028187, 54.30909723022528, 74.59704027621295, 42.2131842220057, 179.94127340716273, 158.62513989546065, 46.869159140459246, 58.34929476229266, 75.91948232853632, 83.36188061297992, 48.841418857211174, 44.4693479494631, 35.199618767458034, 72.84357193008945, 45.77882587403574, 48.85328434902739, 45.19188069247243, 94.48810267304601, 38.531866499031395, 123.8608306693876, 69.26401822592936, 78.89015523274699, 42.13463767890623, 93.04213667141079, 60.87312376363722, 101.87803546733133, 88.09708194071018, 111.79177274090092, 42.93808671037382, 54.861115248389474, 112.70708834332183, 61.02772253043043, 45.060755900227264, 46.775546014278696, 39.953700020380296, 29.418450958941513, 99.87256077120392, 43.74144087471585, 41.52879929832673, 40.1180601663914, 35.406970692597746, 169.4660257262552, 105.63459155548587, 32.697579307970756, 41.952527877387226, 81.2461656773493, 34.67140115890365, 32.66664411602018, 56.6090669221403, 78.95122643461556, 40.567756294082635, 51.08518216542737, 36.75822931317252, 44.35750447899155, 164.5266995799854, 49.96118874023112, 36.72213227763234, 31.554154130153748, 32.092244322969066, 40.427651252740986, 36.21932613274467, 38.30891330228033, 41.26183085191459, 88.77889455483557, 45.113588756032456, 49.170459816753976, 56.53988929386251, 46.84284893270137, 66.7133705860037, 36.15271517977628, 61.455105731234895, 64.78286431140809, 75.2641484340146, 73.56081235844854, 38.99105118631638, 54.30646570981865, 139.074700799735, 63.207770281936504, 36.83755107702089, 50.01951669454358, 131.11335532670185, 71.8327097401023, 38.60549309233355, 41.76253641988298, 35.753711363853206, 69.07607260719132, 34.498426251429294, 76.76979403323804, 102.97726897872795, 38.00308310864992, 34.70629124556765, 43.92336149358695, 28.81092877735696, 30.026784194982376, 33.2116110082724, 60.46354341757716, 53.21277862914212, 39.66681798613778, 63.3755705064095, 39.98775212843055, 42.26033367820613, 46.59712161771941, 146.93764163927617, 43.07010611057119, 86.37586297887152, 30.5615601105584, 65.33327495182697, 47.64093626271135, 37.198768896904106, 91.24071988287986, 42.52034790890973, 27.642499117196856, 41.59673400390372, 83.17096790938274, 41.75739558551757, 59.774379978536444, 46.477097967235714, 21.75190653569604, 28.826879638852038, 35.037166599186634, 43.36874725652248, 34.723143341781366, 47.72990425493393, 38.746922776342544, 49.787479730286265, 26.545527902664237, 40.95252796322419, 34.53085594849405, 38.25681940517477, 91.5721291353416, 74.34954044653331, 38.34880089229605, 42.505436522136804, 45.42971492466184, 30.77034536494615, 77.12183230531676, 39.95641269177659, 110.12619890612413, 62.34538468097598, 76.65974480644955, 219.5230468314905, 52.95133763641917, 84.67535699403507, 129.99042308454722, 49.48873321814545, 37.31893290393508, 37.93956904254322, 68.93874267271319, 44.3053800240231, 35.21646766535822, 108.95661907006762, 99.18532143409222, 121.60239554138374, 64.31248615014738, 50.11371863205643, 58.23919673553304, 88.06833901036943, 37.65777204669093, 29.093630693292663, 128.41044827497078, 100.55891702469272, 91.71154131328613, 39.319856235856534, 271.98974638957105, 39.359237864818425, 39.48801395946609, 124.13521855266112, 106.51907681176229, 72.89356568798411, 263.27801737022565, 324.5409235984539, 62.83013503040497, 56.55495259514999, 157.60379218875352, 50.64582341142791, 47.949621556535206, 56.2292407887863, 34.11848339843042, 41.618977091854475, 73.93375820514507, 50.8338318635312, 45.02032029615923, 31.11051954992375, 42.11532626040992, 40.04274153208121, 47.46794411378012, 41.19026538853733, 24.087321163859208, 51.134336557464785, 24.84365298385995, 86.69081621716457, 57.2035122248222, 57.139565343754555, 45.09789729930447, 166.63112821046644, 27.114145047753667, 43.43186187373276, 30.993544608000562, 40.380752407946574, 88.02698261006242, 38.484693643263384, 57.76674550849755, 131.02500815717795, 30.641837304531137, 27.815152954953255, 128.8933992983354, 26.46829289011127, 38.450507722708615, 60.07915115652178, 46.74572477178737, 63.87866687742897, 72.95970485417293, 47.66239781919053, 71.73510267506013, 39.18080214587141, 95.62306154539297, 42.22807933697007, 109.9218721659307, 50.9601870540666, 36.28785243831191, 49.651935267484724, 28.107668083831378, 48.24293560097914, 26.343130536778403, 57.61827988743162]
